0.245 0.028 -1
1.299 0.286 1
0.281 0.533 -1
0.365 0.577 -1
1.224 1.416 1
1.858 0.062 1
0.018 0.011 -1
0.182 1.475 1
0.304 0.271 -1
0.418 0.135 -1
1.137 0.716 1
0.201 0.463 -1
0.348 0.039 -1
1.658 0.089 1
0.152 0.173 -1
0.442 0.017 -1
0.324 1.741 1
0.245 0.220 -1
0.040 0.704 -1
1.158 0.805 1
0.020 0.432 -1
0.222 1.008 1
0.557 1.458 1
0.039 0.057 -1
0.470 0.356 -1
0.302 0.044 -1
0.258 1.329 1
1.290 0.691 1
0.160 0.060 -1
0.879 1.821 1
0.487 0.039 -1
0.178 0.601 -1
1.163 0.665 1
0.111 0.136 -1
0.224 1.396 1
0.070 0.476 -1
0.668 0.993 1
0.884 1.553 1
0.221 1.083 1
1.326 0.394 1
1.791 0.399 1
1.286 0.148 1
0.273 0.009 -1
1.015 0.899 1
0.167 0.307 -1
0.035 0.035 -1
1.218 1.175 1
0.068 0.478 -1
1.008 0.196 1
0.668 0.946 1
0.186 0.150 -1
1.083 1.211 1
1.047 0.999 1
0.176 0.134 -1
0.139 0.022 -1
1.203 1.078 1
0.863 1.011 1
0.215 1.373 1
1.523 0.256 1
0.148 0.138 -1
0.233 1.486 1
0.306 0.395 -1
0.328 0.118 -1
0.131 0.483 -1
0.884 1.450 1
0.478 0.235 -1
0.404 0.074 -1
0.121 0.213 -1
0.325 0.160 -1
0.169 0.447 -1
1.840 0.099 1
0.141 0.289 -1
0.392 1.043 1
0.017 0.485 -1
1.160 0.847 1
0.052 0.025 -1
0.074 0.394 -1
1.237 1.330 1
0.050 0.353 -1
1.753 0.185 1
0.044 0.357 -1
0.339 0.548 -1
1.013 0.810 1
1.162 1.004 1
0.120 0.446 -1
0.330 0.030 -1
1.202 0.548 1
0.189 0.071 -1
0.093 0.509 -1
0.099 1.765 1
0.091 0.352 -1
1.578 0.065 1
0.048 0.433 -1
0.634 0.403 -1
0.938 1.116 1
0.492 0.101 -1
0.787 1.001 1
0.112 0.219 -1
1.128 1.163 1
0.528 1.695 1
0.061 0.449 -1
0.307 0.177 -1
0.201 1.302 1
0.207 0.329 -1
0.812 0.904 1
1.609 0.148 1
0.230 0.330 -1
0.329 0.153 -1
0.257 0.116 -1
1.284 0.917 1
0.217 0.257 -1